10,263
10,87
10,85
10,281
10,143
10,33
10,93
10,2
10,3
11,25
11,7
9,7
9,2
9,3
8,4
8,13
8,6
8,10
8,7
8,16
87,4
87,3
87,2
87,1
87,0
86,3
86,2
86,1
86,0
85,4
85,3
85,2
85,1
85,0
84,4
84,3
84,2
84,1
84,0
82,4
82,3
82,2
82,1
82,0
80,4
80,3
80,2
80,1
80,0
78,4
78,3
78,2
78,1
78,0
77,4
77,3
77,2
77,1
77,0
76,3
76,2
76,1
76,0
20,3
20,2
20,1
19,3
19,2
19,1
12,3
12,2
12,1
11,28
11,27
11,26
11,24
11,23
11,22
11,21
11,20
11,19
11,17
11,16
11,15
11,14
11,13
11,12
11,11
11,10
11,9
11,8
11,6
11,5
11,4
11,3
11,2
11,1
10,312
10,304
10,297
18,1
10,282
18,3
10,278
10,268
14,1
10,262
14,3
10,253
13,1
10,248
