10,214
10,138
10,228
10,206
10,238
10,94
10,198
10,212
11,14
11,10
11,26
11,22
11,16
11,4
11,20
9,4
9,6
8,14
8,10
8,9
8,15
8,17
53,5
53,4
53,3
53,2
53,1
53,0
51,5
51,4
51,3
51,2
51,1
51,0
48,3
48,2
48,1
48,0
47,4
47,3
47,2
47,1
47,0
44,3
44,2
44,1
44,0
42,3
42,2
42,1
42,0
41,3
41,2
41,1
41,0
40,4
40,3
40,2
40,1
40,0
39,3
39,2
39,1
39,0
20,3
20,2
20,1
19,3
19,2
19,1
12,3
12,2
12,1
11,23
11,17
11,15
18,1
11,13
18,3
11,11
11,7
14,1
11,3
14,3
11,2
13,1
11,1
13,3
10,253
10,235
10,205
10,179
10,163
10,143
10,95
10,67
10,3
10,2
10,1
9,7
9,5
9,3
9,2
9,1
8,18
8,16
8,11
8,8
8,6
8,4
8,3
