10,142
10,276
10,162
10,132
10,136
10,68
10,202
10,18
11,28
11,8
11,20
9,6
9,4
9,2
9,3
8,7
8,9
8,6
8,8
37,4
37,3
37,2
37,1
37,0
36,5
36,4
36,3
36,2
36,1
36,0
33,4
33,3
33,2
33,1
33,0
32,4
32,3
32,2
32,1
32,0
27,3
27,2
27,1
27,0
25,4
25,3
25,2
25,1
25,0
24,3
24,2
24,1
24,0
20,3
20,2
20,1
19,2
19,3
19,1
12,3
12,2
12,1
11,29
11,27
11,26
11,25
11,23
11,22
11,21
11,19
11,18
11,17
11,16
11,15
11,13
11,12
11,11
11,9
11,7
11,6
18,1
11,5
11,4
11,3
11,2
18,3
11,1
10,305
10,294
14,1
10,207
14,3
13,1
10,205
13,3
10,171
10,145
10,107
10,97
10,79
10,1
10,23
10,3
10,2
9,1
9,7
