3,1
3,3
10,202
10,224
10,104
10,268
10,302
10,88
10,280
9,4
9,6
8,8
8,18
8,13
8,12
8,2
8,3
30,3
30,1
20,3
20,2
20,1
19,2
19,1
12,3
12,2
19,3
12,1
11,29
11,28
11,27
11,26
11,25
11,24
11,23
11,22
11,20
11,19
11,18
11,17
11,16
11,15
11,14
11,13
11,12
11,11
11,10
11,8
11,6
11,5
11,4
11,3
11,2
11,1
10,309
10,298
10,294
10,292
10,287
10,286
10,277
10,274
10,270
10,254
10,251
10,247
10,236
10,234
10,222
10,221
10,205
10,201
18,1
10,198
18,3
10,196
10,188
14,1
10,185
14,3
13,1
10,181
13,3
10,177
10,176
10,172
10,169
10,165
10,164
10,162
10,140
10,132
10,122
10,115
10,114
10,112
